"","V1","V2","V3","V4","V5","V6","V7","V8","V9","V10","V11","V12","V13","V14","V15","V16","V17","V18","V19","V20","data$patent_title","data$year","data$country"
"1",0.0039700231708257,0.00339303869276804,0.0406333329887655,0.00231285710553917,0.694224252739597,0.000638715023469043,0.00581084965682544,0.00510430160643357,0.00530999906524328,0.00791087155569064,0.00175773108605285,0.00535361269649738,0.0859524848150252,0.0025577914835728,0.0110389977997962,0.00268252436994279,0.070476788627053,0.0284817418190332,0.0187945477484078,0.00359553794946102,"Active cooling of structures immersed in plasma",2018,"US"
"2",0.0553159737304483,0.132206467566137,0.167897793685131,0.00798910203053718,0.137295437028621,0.0026139971401456,0.00463836218135704,0.0576839977419231,0.0135211201624531,0.0280328329647045,0.0123324349020513,0.062370400289343,0.0166040728645604,0.00476014428604723,0.17853013926063,0.0849451956989655,0.0142170230029548,0.00521047818739437,0.00504122519118412,0.00879380208541117,"Alf{acute over (v)}en-wave gyrating non-linear inertial-confinement reactor",2020,"US"
"3",0.0608613998820091,0.0228288553226596,0.312539137458898,0.00704854290384273,0.165007337936732,0.0034318614094705,0.00384112755462862,0.0110622869883823,0.024157404242473,0.0596600293644028,0.00445329309614165,0.0153708606603491,0.0199843238424333,0.00424492470520698,0.159047519920536,0.058897150234239,0.0128705304109881,0.00437254200449251,0.00526094085728849,0.0450599312048262,"Apparatus and method for controlling a plasma fusion reactor",2019,"CA"
"4",0.00359381903981361,0.00528940506779099,0.00957311931030093,0.00233283096400965,0.00166998912756817,0.000794006269557639,0.138230968137719,0.00389978504661783,0.00608057580701768,0.0019403864936288,0.00213796423198168,0.00189841409238251,0.399718571781867,0.00243450554151845,0.00317056605840109,0.00316223514862929,0.0196142530724898,0.195351032514763,0.196758963915753,0.0023486083781905,"Apparatus and method for generating a vortex cavity in a rotating fluid",2020,"CA"
"5",0.0705476055954425,0.0732455594800338,0.0231680137451267,0.00895717740331495,0.571942519098407,0.00178222078881982,0.0724565173957569,0.0210859743422341,0.0147986313241166,0.0093453479092796,0.00903588900529721,0.0128927680925259,0.0182266404702888,0.00422646992328587,0.0246072675153298,0.0144370448186366,0.0119671344170225,0.0162412950002131,0.0106436439257654,0.0103922797491028,"Apparatus and methods for fusion based power generation and engine thrust generation",2016,"US"
"6",0.00405941397448487,0.00471619862398576,0.0086786977309172,0.00529839713819923,0.365978360059484,0.0024195369542323,0.0135406410215251,0.0151318819882869,0.00299235438363317,0.00858297621142583,0.00436710862542617,0.0815574556809875,0.0712492682553215,0.0141479001158929,0.071829297913048,0.00324147226351082,0.0496920494028167,0.0360843955006665,0.231688634552352,0.00474395960380355,"Apparatus for accelerating and compressing plasma",2017,"CA"
"7",0.00820873655933804,0.00722398972473429,0.0178870672709364,0.00317553861179012,0.701894566786822,0.000772146437969825,0.0734575551070902,0.0202020186463024,0.0632121905320371,0.00606594091972471,0.00237042599903291,0.00672791800078222,0.009294650817391,0.00251490675928119,0.0443425152507358,0.00325846770560678,0.00825591290323796,0.00959678199781014,0.00656745293583046,0.00497121703354643,"Apparatus for magnetic and electrostatic confinement of plasma",2019,"US"
"8",0.0082052170310171,0.00709603206045083,0.0174988088328469,0.00319899265938424,0.697871814898251,0.000810671419604539,0.0761739861776775,0.0202440925401022,0.0619212540330509,0.00624161699634618,0.00244095427631252,0.00703582241945105,0.00922676623908275,0.00267420715598081,0.0457701414548405,0.00328161254070035,0.00890549722660929,0.00975175049086932,0.00653205833371449,0.00511870321370795,"Apparatus for magnetic and electrostatic confinement of plasma",2016,"US"
"9",0.00820873655933804,0.00722398972473429,0.0178870672709364,0.00317553861179012,0.701894566786822,0.000772146437969825,0.0734575551070902,0.0202020186463024,0.0632121905320371,0.00606594091972471,0.00237042599903291,0.00672791800078222,0.009294650817391,0.00251490675928119,0.0443425152507358,0.00325846770560678,0.00825591290323796,0.00959678199781014,0.00656745293583046,0.00497121703354643,"Apparatus for magnetic and electrostatic confinement of plasma",2017,"US"
"10",0.0168145015051603,0.0334554339420103,0.0442425070085697,0.0276568054166338,0.241686101030834,0.00554378628194217,0.0197864301096577,0.0114199719765527,0.00874923779648669,0.0962624013357017,0.0258153084919001,0.144209644840739,0.0337145050373799,0.0106581092033086,0.152362847420989,0.020947093416103,0.0789748761228543,0.0106666579067554,0.00663610090625296,0.0103976802501684,"Application of compressed magnetic fields to the ignition and thermonuclear burn of inertial confinement fusion targets",2018,"US"
"11",0.0234738073092357,0.0213837867901316,0.00761806237943317,0.0436620955294256,0.0388243586456837,0.105519849342226,0.00557554190043753,0.0563247538408513,0.00605613810710922,0.0229152396057289,0.120658534195726,0.0716717688620157,0.005485096064558,0.160155978192999,0.0960489260803297,0.0803529871778552,0.0140599893485438,0.0161141734044404,0.0137907269856561,0.0903081862376129,"Arrangement of expanding optical flows for efficient laser extraction",2021,"US"
"12",0.267834183847615,0.017374647458201,0.0093739067782664,0.033343880815352,0.202696084805226,0.0147835367035993,0.00662087073229876,0.0141467259793036,0.041710608372852,0.0158730122145374,0.016518980632649,0.0443268978485129,0.00446267842732341,0.124405207508601,0.124067510799251,0.00975107663955672,0.0158775258217982,0.017595567197984,0.00603617822526983,0.0132009191918011,"Asteroid redirection and soft landing facilitated by cosmic ray and muon-catalyzed fusion",2020,"US"
"13",0.1903158179909,0.0108152953919245,0.0138046969217602,0.00748243086525831,0.268235942332434,0.00830867919533676,0.00929694772067487,0.0124261875792577,0.0333708678570532,0.0182963669588308,0.00938818214493873,0.0172320638888542,0.0227227790280881,0.0724400890873354,0.206912256774509,0.00731754305702733,0.0597855682529483,0.0153367177497972,0.00748082033269862,0.0090307468703726,"Asteroid redirection facilitated by cosmic ray and muon-catalyzed fusion",2020,"US"
"14",0.0296760738013339,0.00587082690586524,0.0202471244684544,0.00758344217805759,0.196535514579678,0.0134308909266158,0.0113791624134632,0.0173127339113891,0.0304839356621041,0.0912010142294043,0.0143676002507869,0.0207432143001498,0.0126103797657542,0.0587818507579545,0.148069282347964,0.00369324216392656,0.171452663230481,0.117293761902218,0.0184528926030975,0.0108143936013025,"Asymmetric capsule for inertial confinement fusion",2022,"US"
"15",0.12627360142155,0.0305225959562184,0.0374258272109207,0.041751075453728,0.126351970001296,0.0143539910238453,0.00613379766258112,0.0551624401382016,0.0150288997765702,0.0446333017070231,0.232941821534525,0.10055034836039,0.00585371179335381,0.0260246004620645,0.0296845533969967,0.0160184523346426,0.026091431833705,0.0197373461765476,0.0107244543083748,0.0347357794474662,"Batteries and related structures having fractal or self-complementary structures",2019,"US"
"16",0.12627360142155,0.0305225959562184,0.0374258272109207,0.041751075453728,0.126351970001296,0.0143539910238453,0.00613379766258112,0.0551624401382016,0.0150288997765702,0.0446333017070231,0.232941821534525,0.10055034836039,0.00585371179335381,0.0260246004620645,0.0296845533969967,0.0160184523346426,0.026091431833705,0.0197373461765476,0.0107244543083748,0.0347357794474662,"Batteries and related structures having fractal or self-complementary structures",2020,"US"
"17",0.12627360142155,0.0305225959562184,0.0374258272109207,0.041751075453728,0.126351970001296,0.0143539910238453,0.00613379766258112,0.0551624401382016,0.0150288997765702,0.0446333017070231,0.232941821534525,0.10055034836039,0.00585371179335381,0.0260246004620645,0.0296845533969967,0.0160184523346426,0.026091431833705,0.0197373461765476,0.0107244543083748,0.0347357794474662,"Batteries and related structures having fractal or self-complementary structures",2017,"US"
"18",0.0812146324699051,0.404045629871485,0.0561080309078331,0.0502470490522643,0.00930194649527629,0.00464721161145092,0.0140217288102159,0.00953356353513095,0.023992631462222,0.00978777748543524,0.0416182816167268,0.0171430936015175,0.022100130086208,0.00444300256934054,0.0158653260522839,0.0867996231547879,0.0106089557360909,0.0218078427028373,0.0479446799602007,0.068768862818787,"Cellular structures with interconnected microchannels",2018,"US"
"19",0.00983945835405672,0.0177317118950683,0.00204887306584651,0.0528390964092466,0.035609208884453,0.324096203230012,0.00265878208227314,0.00788365796250557,0.0290946653137281,0.0173820643678125,0.107527784791888,0.0390121067856291,0.00124595187935943,0.244192668907469,0.00753766391441034,0.0469791945407371,0.0126577763190838,0.0236195664685335,0.00849962075667795,0.00954394407120985,"Central column of toroidal field coil",2021,"GB"
"20",0.0219186293996164,0.0182312407552258,0.00872784770184863,0.0241579332464429,0.0193097503225892,0.018723723407518,0.0095958693734007,0.0103378942110623,0.0232207831531518,0.0175861706137178,0.267319884936868,0.216166169679092,0.00420565224719562,0.0399642113148421,0.0149277945691713,0.0847536655803441,0.142120431786962,0.0385795467795037,0.0092413650226716,0.0109114358987759,"Charged particle acceleration device",2018,"US"
"21",0.00538490414018549,0.00407037175133539,0.0126358703792014,0.00609246300257252,0.142409213345696,0.00833803910556219,0.00938789185878071,0.00707637045267095,0.00420090100233017,0.0199146075841431,0.00405626694935215,0.00631350100656298,0.255379975601489,0.0169258863010679,0.115578262153905,0.00260414196670414,0.0150694445866458,0.159122071104124,0.19820012043018,0.00723969727749167,"Colliding jets laser guiding structure",2016,"US"
"22",0.0545965417832395,0.0387310591624854,0.0497784122915081,0.0107384341501409,0.222317845359763,0.00291513335386579,0.0055369386366616,0.391862566198645,0.0130530962039457,0.0142487829323083,0.0097044875668648,0.0240900201878793,0.0177499625637424,0.00851580568749342,0.058513392244134,0.0336210416951305,0.015331501639717,0.013544915868088,0.00884289603205007,0.00630716644233736,"Combined neutron shield and solenoid",2020,"GB"
"23",0.0375097314851986,0.329815339394341,0.170162015729764,0.0352451329789862,0.043005884341183,0.0022086530380399,0.00993246115524387,0.0626995396482092,0.0162965172737807,0.0153015345245603,0.0122579922729597,0.0078364839197974,0.0750167914767178,0.00270799062008687,0.0189272718985451,0.0140300440710377,0.01060357454389,0.0448265280565998,0.0685930290519142,0.0230234845191448,"Complex shape structure for liquid lithium first walls of fusion power reactor environments",2020,"US"
"24",0.0375097314851986,0.329815339394341,0.170162015729764,0.0352451329789862,0.043005884341183,0.0022086530380399,0.00993246115524387,0.0626995396482092,0.0162965172737807,0.0153015345245603,0.0122579922729597,0.0078364839197974,0.0750167914767178,0.00270799062008687,0.0189272718985451,0.0140300440710377,0.01060357454389,0.0448265280565998,0.0685930290519142,0.0230234845191448,"Complex shape structure for liquid lithium first walls of fusion power reactor environments",2017,"US"
"25",0.0160946047960841,0.322032441917742,0.00624639470039645,0.118191926541689,0.00701865238381348,0.00323521183837504,0.0304958617127325,0.0079377328366862,0.0087253118132457,0.00339997382792192,0.0107276100027838,0.00619288101814866,0.120808179726063,0.00692343495385291,0.0173685423060112,0.0174476390915345,0.00854011351366355,0.193721257515946,0.0333957750546786,0.0614964544486312,"Composite for heat transfer with high-temperature resistance",2020,"SK"
"26",0.0393937554718704,0.294531256485095,0.0075733562343211,0.194774284345114,0.0102059542630823,0.00473320439936285,0.00800196823176455,0.00865020730318555,0.0794719747411862,0.00463869245400386,0.0174613743857256,0.00860036710846906,0.00838533593818038,0.0073987095849419,0.0182233950419399,0.00993724307656573,0.0134178570529411,0.151833973109026,0.013350608970236,0.0994164818029886,"Connector assembly of two low temperature superconducting cable terminals and manufacturing method thereof",2020,"CN"
"27",0.00523888017678652,0.047632194829725,0.0140515695002901,0.00842319325981369,0.0699094396058954,0.00141584047427499,0.011343184516899,0.00680570889077124,0.00567123730156207,0.00793235725255937,0.00409428173907121,0.00541217808012414,0.558218091031496,0.00420590004528777,0.0131477950657862,0.0131689689932525,0.026741465820923,0.03220892727604,0.144210676829761,0.0201681093096815,"Cryogenics for HTS magnets",2020,"GB"
"28",0.0684736019191221,0.0753069705096676,0.0892011396093401,0.00969291582005486,0.313980827900343,0.00305922687625345,0.00661583559049885,0.0458086621510521,0.0115108486911159,0.0502851788443893,0.0104205954557279,0.018228589528629,0.0520820958007397,0.00556865757465274,0.169801598368401,0.0204609039613664,0.0121266068509727,0.00843534639947683,0.019913795113949,0.00902660303424789,"Cyclic nuclear fusion with single-cycle, charged cathode",2020,"US"
"29",0.102824546695435,0.0203530322389273,0.0256038081991712,0.0392480503916982,0.0456840185830381,0.0122427910499341,0.0827019048361892,0.160525304408762,0.0393534876762501,0.0225943869852343,0.0469862573735714,0.0192750641701745,0.0163023119698129,0.0235666406067865,0.0254793729746652,0.00930196703715795,0.0532251177591097,0.0784679966854928,0.158441709874659,0.017822230483931,"Deuterium-deuterium neutron generators",2019,"US"
"30",0.0319760836829307,0.227721574165862,0.0126428001244709,0.0925093724212115,0.00906974735544462,0.00916553053104957,0.0115824450694272,0.00466847237863643,0.00826043703658487,0.199038240907236,0.0134095357001329,0.00790269745360447,0.111789612201708,0.00503813165980203,0.0159561697458451,0.0251894182017845,0.0475516723831394,0.0921743044441043,0.01952691266393,0.0548268418730962,"Device and method for extrusion of a solid body",2018,"FR"
"31",0.0603299729605663,0.0248079244332433,0.0952192045823002,0.00653546329560159,0.0584158015955447,0.00253074656551531,0.00676542723851831,0.321700152914445,0.0129314044073071,0.0145018962888056,0.00829578231762764,0.0974309255261175,0.0171993082850412,0.00893116762039309,0.0912668621262888,0.12348393069657,0.0142506811433768,0.00889931112495248,0.00682990343272001,0.0196741334450649,"Device and method for producing medical isotopes",2017,"US"
"32",0.00493523084591126,0.00408242486347923,0.00947956759871057,0.00559504861020317,0.484734109737921,0.00186166180175738,0.00873855853690247,0.00683464963830428,0.00419022232451895,0.00619305533686221,0.00446784220666374,0.0195273521392839,0.0917530356967301,0.00991999903530299,0.0224158247962705,0.00276472209140009,0.0669077405823536,0.108060885061645,0.131547458045775,0.00599061105000393,"Device and method for the heating and confinement of plasma",2020,"US"
"33",0.0150620908448501,0.0113240617082078,0.00690823663671857,0.0082902292976792,0.28840266077399,0.00618798693965818,0.00794375352333911,0.0301996658193411,0.00453343355867339,0.011867894187265,0.0431434829399195,0.0182663819572184,0.0181335929601346,0.0254618787064056,0.0878361042245612,0.00480189996598507,0.168722392324544,0.109224127120822,0.128055854838778,0.0056342716719093,"Device for attenuating electromagnetic pulse generated in a power laser installation",2018,"FR"
"34",0.00417461796825425,0.00640085929325081,0.0172327493328751,0.0135262446244772,0.00798623102151787,0.00479329184191608,0.248362929463556,0.005237212416776,0.00680073127884373,0.0134163067465847,0.00608317986047954,0.00491241628503487,0.222442284847644,0.00737812969318126,0.0981929934453221,0.00525130169210066,0.0588538091081382,0.0464451119071658,0.0940290173101933,0.128480581862689,"Device for controlled heat transfer to and from a component",2019,"DE"
"35",0.0176630891652924,0.0492888250072524,0.0231591596369432,0.0107318128909943,0.343317543224876,0.0041336270379765,0.0151119348353845,0.106053569649816,0.0503039975544863,0.00950260655883363,0.0212100104452934,0.0399192636789912,0.0130187762400048,0.0105314950206709,0.0155989359079654,0.0373223228395654,0.0760691658584108,0.0548524132797903,0.0915168343725004,0.010694616794952,"Device for creating and controlling plasma",2021,"US"
"36",0.00442581215288762,0.00842629146264963,0.103830453478512,0.0387645626917444,0.257079028942654,0.00326947164171025,0.00459281808573436,0.112022040498801,0.0120667194530942,0.0117390497616078,0.00546810479950406,0.00894205359725255,0.0215897794713241,0.00696353900683578,0.0155723992636431,0.00340896264568575,0.0488275998631153,0.0287166938286192,0.25733829884705,0.0469563205075752,"Device for electrically connecting a blanket module to a vacuum vessel of a thermonuclear reactor",2021,"RU"
"37",0.0917906542216121,0.0131520957697222,0.0262059787425146,0.00527493702118875,0.0652373837209565,0.00477101204672412,0.0372092917953382,0.327537341387372,0.00696818822880728,0.0666965760263021,0.00651777611990024,0.0160935669422855,0.0753477198914469,0.0159223585029126,0.18642307753734,0.00892956804826263,0.0236202891833597,0.00980829723226263,0.0067269587180674,0.00576692886362398,"Device for generating compressed fluids",2021,"IT"
"38",0.0224771459684431,0.095262033568997,0.102270227019871,0.00780918576632379,0.00625215069735754,0.00305039523489141,0.0174326188288023,0.0120276633161066,0.0257785628208105,0.0345047426443772,0.0127317573325637,0.013730917725156,0.0424868694953216,0.00202889725963831,0.0238666765206721,0.419525063125364,0.0904455015761615,0.0208186951632112,0.0128994080498026,0.0346014878861285,"Device for limiting the degassing of tritiated waste issued from the nuclear industry",2016,"FR"
"39",0.00513695705467575,0.00790744267828044,0.0092457496181346,0.00406049532227523,0.402014681125523,0.00240202623360026,0.00539011037776446,0.126604642825856,0.00368267151400092,0.0171161746032069,0.00468172943041829,0.0139889091442797,0.0283745419599069,0.00726702185294565,0.246915720608807,0.00453729742676449,0.0840777802937283,0.0158686036150339,0.00635773551497835,0.00436970879982013,"Device for magnetizing laser plasma by means of a pulsed magnetic field",2017,"FR"
"40",0.00484067023752934,0.0100377489431446,0.00733833025065981,0.0383793780883402,0.059733753769267,0.0116643690616605,0.00191268707929186,0.0813105968583944,0.00137466389894957,0.261118845597862,0.0126082699269541,0.220829426739025,0.0130296735811813,0.0451997376581234,0.144701301283778,0.00739718267553699,0.0233712372374316,0.00853794302533545,0.00216013427204349,0.0444540498154908,"Device for quantum beam generation, method for quantum beam generation, and device for laser fusion",2018,"JP"
"41",0.00391655434039858,0.00480181082361634,0.0146531350693372,0.00961499746771023,0.0685071673331587,0.00533325263463539,0.0106187948318077,0.0203899974672924,0.0213205195440914,0.00891921849854963,0.00776368725157863,0.00754195462225486,0.0181679797587009,0.0126489862369966,0.0301121562068695,0.00178262965427697,0.150512330587238,0.245658349662813,0.341194087836997,0.0165423901716754,"Device for securing a blanket module to a fusion reactor vacuum vessel",2020,"RU"
"42",0.110331847034657,0.165517404019934,0.0560468204487614,0.0185216797372005,0.112362735611597,0.00334853801675457,0.135370455743224,0.0152004940704163,0.113817901394375,0.0136796103276605,0.0356439079813566,0.0142280387152838,0.0238996347934947,0.0043769463563187,0.0219663739570917,0.0726938225366609,0.0202315352290824,0.024951897241135,0.0219605270105844,0.0158498297744123,"Diamond structures as fuel capsules for nuclear fusion",2019,"US"
"43",0.0849706296410179,0.163451502497894,0.0784370379748143,0.0488663260600264,0.147373639554771,0.00295744724296978,0.0133404801468305,0.019855162397527,0.165039424619215,0.0129469566406926,0.014804127423509,0.0154238859569856,0.0159155241074496,0.00597945993210108,0.0626412561890464,0.0863690716268148,0.0112484251594426,0.0172659630965109,0.0136491692094145,0.0194645105229668,"Diode assembly and method of forming a diode assembly for pulsed fusion events",2022,"US"
"44",0.00660695885025308,0.186364026721403,0.0329957117554823,0.0228972303063008,0.231330388485405,0.000924592407528111,0.0171519354256324,0.0293467442864125,0.0925391695884045,0.0033701780661301,0.00434960777733488,0.00385207712645553,0.0381529863565494,0.00163573667667558,0.00734750263648944,0.00723183358063722,0.00548475486774827,0.0282096168121122,0.273329830105206,0.0068791181678397,"Double null liquid metal diverters",2022,"unknown"
"45",0.00430038167450778,0.0092428006282178,0.00847074009617745,0.00752801627509196,0.7005461086637,0.00233148019237198,0.00702200374546843,0.0117210196019621,0.0641672104901124,0.00688988857749859,0.00423500752454505,0.00821646178904422,0.00755923865014863,0.00733382214200713,0.00902611876366754,0.00257316420194434,0.0168886714662182,0.0953909901242972,0.0191089475691939,0.0074479278238248,"Double poloidal field coils",2022,"GB"
"46",0.0058140513810869,0.0111194715291502,0.138006866195188,0.00525616123758332,0.39506749964169,0.00350463906846285,0.0024050585980851,0.15106690636166,0.00916709818220472,0.0655670408234879,0.00461894316076039,0.0245682721884449,0.0169109455653668,0.00733007532305168,0.11267080595013,0.00506785590366352,0.0112346486591036,0.00872228012673317,0.0161639085394141,0.0057374715647336,"Efficient compact fusion reactor",2017,"GB"
"47",0.0700360758633217,0.0285329935361174,0.00808055881690782,0.0980786044859071,0.337632132406142,0.00467847743491181,0.00586628749178735,0.0235952638338711,0.00570045544307041,0.0116951034419654,0.011637559084608,0.0210225532264089,0.0121294093961302,0.0229114654958888,0.190875928414374,0.0651197218224763,0.0101074944538747,0.0213218781114287,0.00875850875318977,0.0422195284876184,"Electric energy cell",2016,"US"
"48",0.00468290062418089,0.0124096077330034,0.0541452646716502,0.0755228523148218,0.1979445838707,0.00689115714460301,0.00401302719432336,0.0525792176581044,0.0101682553308511,0.0109634815047276,0.156353690087616,0.00985945228166097,0.010280138439328,0.0103426736879141,0.0116621727624061,0.00345812562444827,0.0536047393400894,0.0858505283982097,0.222210928521761,0.00705720280960086,"Electrical connection of elements inside the chamber of a nuclear fusion reactor to the reactor vessel",2020,"RU"
"49",0.0251881940748282,0.174741246327164,0.00992752971150715,0.0197227500667407,0.11300668043254,0.00315170160357579,0.00481201593420945,0.00640491519377486,0.102676218034951,0.0133714257005778,0.00707735028727688,0.00711235380815106,0.0112978671798425,0.011593138848383,0.352676281825464,0.00937377756963352,0.00829590812490279,0.00465469398119841,0.00291634002500696,0.111999611270272,"Electrical power generation systems and methods regarding same",2022,"US"
"50",0.00458990141907013,0.00263730930103882,0.00420175171113867,0.00595428512639878,0.720382681421704,0.067535014131105,0.0020583961140685,0.0056880729744365,0.00337527569049521,0.047776825679546,0.00671968214375309,0.00935309721037582,0.00356588813590106,0.0290140551385737,0.0149775786091919,0.00125203625550953,0.0134129933738638,0.0336637808771727,0.0110526362485328,0.0127887384381247,"Electron-coupled transformer",2019,"US"
"51",0.00748041893473814,0.0714319172796787,0.254912261201001,0.00914589479621723,0.0594462747863452,0.00145181132607128,0.00333076178462359,0.303210690154925,0.0102116028722063,0.0130899569752224,0.00503207354801834,0.0147168708742623,0.0204548197521743,0.00182159084978952,0.17196407341074,0.0270035778098822,0.0106546592850016,0.00422438248193626,0.00339306833159148,0.00702329354557425,"Elimination of neutrons from nuclear reactions in a reactor, in particular clean laser boron-11 fusion without secondary contamination",2021,"DE"
"52",0.00926155323930898,0.0744163596504962,0.254203335254995,0.00482901799432948,0.0593711116853399,0.00111066275079497,0.00282331776747709,0.306347095061902,0.0118148115682897,0.0137828983353472,0.00434252704270076,0.0157938577663864,0.0192322557575383,0.00211212203832848,0.174050529649532,0.0236901072824417,0.00924575883073439,0.00455620513073175,0.00445782675254983,0.00455864644077541,"Elimination of neutrons from nuclear reactions in a reactor, in particular clean laser boron-11 fusion without secondary contamination",2022,"IL"
"53",0.00452327271224921,0.00371097539379302,0.0147769210358149,0.0041904293425565,0.802620226159165,0.00128094590123602,0.00341399268758782,0.00684953468966652,0.00717948676789532,0.0045166843345787,0.00289144042301142,0.00647443457872378,0.00638428651995758,0.00473964498473645,0.00882911476199508,0.00162553670293603,0.0110564793299335,0.0842688939825294,0.0165344490144786,0.004133250677155,"Encapsulating magnetic fields for plasma confinement",2018,"US"
"54",0.016610817956823,0.182344854112905,0.0252707876585079,0.0103635609680145,0.0131635808930541,0.00388729930598229,0.0145167560052235,0.010162380954811,0.114588170857697,0.0104949748512242,0.023970827300259,0.00777285000585059,0.289562085685838,0.0220749220400908,0.110287356726266,0.0135083392105421,0.0226703795517663,0.0182255030990807,0.0675180015804126,0.0230065512356513,"Energy conversion system",2018,"US"
"55",0.0126186201316454,0.0220940306988611,0.0119886747910633,0.0130897892090352,0.0159914791599287,0.00751762479916995,0.00719946804653487,0.00923449651489668,0.00481242267088275,0.0383552621850831,0.0132039328164701,0.018741094668566,0.0224155263745144,0.0147375645052045,0.583200869109692,0.0976544326971144,0.0308327952001115,0.00613060889377036,0.00460359240915191,0.0655777151183038,"Energy focussing",2017,"GB"
"56",0.0241145074174836,0.04727795900887,0.00504324983843993,0.0349455151619897,0.226169998781409,0.00918354379496713,0.00244041532358864,0.00977230141998443,0.00377340635725935,0.0342622601673546,0.262725400776049,0.051537494980898,0.00300570605932427,0.0165296317582713,0.168692190057226,0.00804753960107095,0.0113623555078205,0.00522085986252862,0.00261522106118602,0.0732804430642792,"Enhanced electron screening through plasmon oscillations",2020,"US"
"57",0.0280271146921724,0.22667546294318,0.00818414902547325,0.306767414826405,0.0077677311244517,0.00716617485996962,0.109004453976776,0.00491388709934526,0.0130149888882195,0.0129957095629392,0.0369251685259936,0.0125061811946783,0.017024135905681,0.00713291861729543,0.0130274744048482,0.102770183878916,0.0209908776667501,0.028642081803144,0.0111239693792401,0.0253399216245215,"Fabrication of diamond shells",2016,"US"
"58",0.0927582782437327,0.0767771534161496,0.0274095500632003,0.1018008962681,0.16054685583971,0.00608370129377015,0.0115359243783816,0.0133446225851988,0.0117475726621575,0.0150124325658415,0.0151925278232132,0.01850507318913,0.0422006408904949,0.0135694592146234,0.053559063907369,0.017649476120315,0.107801089635698,0.0617349559462082,0.141510978508987,0.0112597474477201,"First wall conditioning in a fusion reactor vessel",2020,"GB"
"59",0.0767605460928495,0.0319825327602272,0.00378096815848411,0.041974740866852,0.154402063584808,0.06011296285137,0.00222999175052878,0.0093751462169088,0.00252560360741701,0.0312694154658055,0.111396343064975,0.0703253562169403,0.00275357918989111,0.0633274426644834,0.291499527646322,0.0223501860685952,0.00935848243065049,0.00472434910208295,0.00197329767910786,0.00787746458170036,"Flexible driver laser for inertial fusion energy",2020,"US"
"60",0.00574422659686523,0.00359843038371521,0.00467577141194358,0.00426578404812441,0.585663069234947,0.00166413726317648,0.00332570769913009,0.100318409985541,0.00463436738151354,0.00271816498133082,0.00372507377259008,0.0340816409643774,0.00447173750683637,0.0120421048153792,0.0154012730083421,0.0016695563939149,0.0103339455305847,0.184943524878249,0.0133492201093297,0.00337385403410795,"Formation of a field reversed configuration for magnetic and electrostatic confinement of plasma",2019,"US"
"61",0.00820873655933804,0.00722398972473429,0.0178870672709364,0.00317553861179012,0.701894566786822,0.000772146437969825,0.0734575551070902,0.0202020186463024,0.0632121905320371,0.00606594091972471,0.00237042599903291,0.00672791800078222,0.009294650817391,0.00251490675928119,0.0443425152507358,0.00325846770560678,0.00825591290323796,0.00959678199781014,0.00656745293583046,0.00497121703354643,"Formation of a field reversed configuration for magnetic and electrostatic confinement of plasma",2016,"US"
"62",0.00841304313691871,0.00741470362735775,0.018410366596532,0.0032380484276195,0.694683239709461,0.000790849694958507,0.0754065393001186,0.0206053565402876,0.0646322065334746,0.00620646179210269,0.00242954989152393,0.00687034588009594,0.00954500022157665,0.00256513361169616,0.045384556003559,0.00333402097349962,0.00846822337646107,0.00981263030117238,0.00671423318473641,0.00507549119684744,"Formation of a field reversed configuration for magnetic and electrostatic confinement of plasma",2016,"US"
"63",0.0380647527344994,0.194159875921497,0.126909270437614,0.0151610786858626,0.0983996212874374,0.00263738224004115,0.0679883468431866,0.0212755556331435,0.153689579920234,0.0159298474664077,0.0149599540436834,0.0468033243462713,0.029617882648684,0.00441538147798505,0.0260972921198859,0.034366451264811,0.0222794881267086,0.0500788945189655,0.0230565907006094,0.0141094295824726,"Fuel pellets for laser fusion",2019,"US"
"64",0.0288767655159327,0.018758870074486,0.0969135825018034,0.0168054246602602,0.484149074251036,0.0011619358254131,0.00576826243639365,0.0852670666987814,0.0608053888470396,0.0151803146231676,0.00346056256342704,0.00970768348489641,0.0482211571182197,0.00307095848651084,0.0817469862516469,0.00686600575831932,0.00686093382924678,0.00814085994321451,0.00859137535542584,0.00964679177477843,"Fueling method for small, steady-state, aneutronic FRC fusion reactors",2020,"US"
"65",0.0116939688967725,0.0358574514828547,0.207015619516141,0.0109204071696497,0.152210723720441,0.0270356590791936,0.00476748367668273,0.014275999954704,0.049072471434325,0.132018934043474,0.0496075592177554,0.0201152912385431,0.0184939613536871,0.0262431703335874,0.0991562127610182,0.0703816137110549,0.0364328043698196,0.0112386869426856,0.00832263617708485,0.0151393449205256,"Fusion energy device with internal ion source",2016,"CA"
"66",0.0159427639528297,0.0204687972692794,0.0422824279834494,0.0120862913598781,0.321838236433862,0.00588008927452836,0.00775724556030887,0.0313327484407817,0.0101764772356616,0.0255073354678433,0.0743339720854351,0.0283080783530797,0.0168966577290698,0.0119204351953327,0.0171975873112439,0.172614046006604,0.0417809668588208,0.0262533080694642,0.101190696482557,0.0162318389299704,"Fusion reactor",2017,"US"
"67",0.0187700108473774,0.054701500392953,0.048097660980456,0.0118613982302997,0.509598871426188,0.00295459091573124,0.00722901206457092,0.0242411838532033,0.0228328526613409,0.00992268373616396,0.00943071089785394,0.0180012707163115,0.016249483725098,0.00937127998096242,0.061998337740347,0.00886615578202131,0.0155974940839168,0.120299632775053,0.0199753659264058,0.0100005032637457,"Fusion reactor using azimuthally accelerated plasma",2019,"US"
"68",0.00692690968844807,0.0534851991343854,0.00596739412423403,0.0208195970970241,0.482583966521264,0.0028295438812486,0.00410134378387541,0.0742079137533331,0.00459434397212778,0.0104104041429675,0.033079039661898,0.163460082291399,0.0166514579281249,0.012942648051654,0.0188986242411695,0.0106533690427415,0.0247976522247283,0.0422503009316186,0.00606707594295856,0.0052731335847998,"Generating neutron",2017,"KR"
"69",0.00968895908047619,0.00219612209486055,0.00565294866761219,0.00381451668602682,0.00659319169171314,0.01548890874355,0.02425685267838,0.00464271500523373,0.00762311517003687,0.0149595605858789,0.0156615543234421,0.0153156596259864,0.00848524364758735,0.101215050388226,0.00702926490956878,0.00242297399622496,0.458715460892996,0.263198398439651,0.0260129454276231,0.00702655794492621,"Guitar training device",2021,"US"
"70",0.0504124438400334,0.0649917354791279,0.0417634730826476,0.011359079050496,0.108108662479296,0.00260949165652867,0.0216386316404941,0.0175320564922114,0.0472103052412323,0.0140776291059975,0.0108445609926656,0.0346509650957385,0.231590706634643,0.0105857362006072,0.154086301242529,0.0438775845919692,0.0265819744448319,0.0783561061252965,0.0196520645887123,0.0100704920149417,"Heat engine",2017,"US"
"71",0.0666511347739289,0.0450344385134431,0.00670891414664792,0.0238792772406495,0.00265545346084696,0.00192990606332658,0.0174816766547777,0.00471915314502657,0.0044212121140163,0.00403529920244197,0.00580311138077046,0.00498886676504727,0.247190243388524,0.00433559824386412,0.00347934905754221,0.00996641949434627,0.0114034857939995,0.503869317811132,0.0177206788650519,0.0137264638846163,"Heat receiving tile formed of carbon fiber composite material and method of manufacturing the same",2018,"JP"
"72",0.10705728644755,0.116678806842433,0.0232313049111191,0.0421547310520614,0.0167531783436127,0.00285468032136228,0.0141129805295004,0.00698686006201338,0.00711504161400232,0.015946134783182,0.00690469104329296,0.0075856498558407,0.231560579981591,0.00471802138820148,0.00673452749803737,0.0114097489055765,0.0113810251679224,0.281956477579374,0.0480735161908077,0.0367847574825199,"Heat receiving tile formed of carbon fiber composite material and method of manufacturing the same",2018,"JP"
"73",0.00494414047695139,0.00425030874222852,0.0780414279007696,0.00273576600935578,0.815177780227088,0.000750914832696682,0.0019157776834545,0.00967394170007479,0.00830829413139088,0.00915131594476933,0.0016874263190217,0.0076532538727547,0.00834019338776019,0.0020005010616726,0.0151549161360942,0.0025836675540581,0.00740706785692474,0.00686367725306112,0.00940496860479228,0.00395466030508088,"Heating plasma for fusion power using electromagnetic waves",2018,"US"
"74",0.00420710319385358,0.00415680771593343,0.0479717227802698,0.0030361205407284,0.802871960586936,0.000637052491331484,0.00341527662951768,0.00664776470627177,0.00696307940204071,0.00639653424079421,0.00151375893510471,0.00418943771224933,0.0240533528119817,0.00180626850274944,0.0131390651856762,0.0022703124126453,0.00739840625967288,0.0111199668890662,0.0440424377672945,0.00416357123588205,"Heating plasma for fusion power using magnetic field oscillation",2018,"US"
"75",0.00712610340582473,0.00595354888631673,0.0851650003320111,0.00335246073984493,0.739975611330191,0.00086524013130954,0.00333463401649004,0.0111210556611474,0.00812897810317467,0.0106452096245163,0.00215007163955407,0.0290373073785961,0.0261455820432713,0.00307421038795245,0.0193171557869644,0.00440274677788646,0.0113722088588828,0.0103819456335914,0.013827582697835,0.00462334656463906,"Heating plasma for fusion power using neutral beam injection",2018,"US"
"76",0.0170904100854265,0.0119690365351619,0.0045751991786432,0.0125026400264211,0.492914022227835,0.0100897898535404,0.00244523806072958,0.11320604233772,0.00353711173901887,0.0135593585500566,0.0837590211307766,0.097813574712043,0.00242884280015252,0.043451377593371,0.0454639765700889,0.00634038140730016,0.0154445808566567,0.0120650407956527,0.00403754884181148,0.00730680669759432,"High output accelerator neutron source",2019,"US"
"77",0.0156397065477937,0.261428223383736,0.00592842819942767,0.256395978970511,0.0176708529037112,0.0073118572274479,0.0044483004368532,0.0148510068687378,0.00514782366980037,0.0132288310145049,0.0254569171232872,0.016831619457634,0.0139242805581048,0.0156373452825558,0.272395469855419,0.0169347519801025,0.0118036627112062,0.00970125496216927,0.00425225840723133,0.0110114304397657,"High velocity droplet impacts",2017,"GB"
"78",0.0174154743933398,0.010790475845785,0.0166912189199079,0.0108515395631159,0.493125490908678,0.00385080549213163,0.0220812831295925,0.0189996507051416,0.00743816529668372,0.019164828928125,0.00772360182572334,0.0333687423648407,0.0189596507994713,0.0164553820562245,0.251132539067098,0.00744498554468852,0.0161036685253127,0.0111189949441619,0.00764760963671807,0.00963589205325958,"High-energy plasma generator using radio-frequency and neutral beam power",2021,"US"
"79",0.129311449141587,0.0211388376961408,0.0184160629527189,0.0359929623210401,0.0827560470784488,0.00520409755301183,0.0126954537663934,0.30982928782709,0.0100039032755656,0.00755942609124654,0.047362743178778,0.0553734332401392,0.0438169959016207,0.0235815258563501,0.0288724795847123,0.012435698472188,0.0187648429789908,0.0959849166117388,0.032320191366809,0.00857964510542946,"High-yield ICF containment chambers and power reactors",2016,"US"
"80",0.0168145015051603,0.0334554339420103,0.0442425070085697,0.0276568054166338,0.241686101030834,0.00554378628194217,0.0197864301096577,0.0114199719765527,0.00874923779648669,0.0962624013357017,0.0258153084919001,0.144209644840739,0.0337145050373799,0.0106581092033086,0.152362847420989,0.020947093416103,0.0789748761228543,0.0106666579067554,0.00663610090625296,0.0103976802501684,"Hohlraum used as a single turn solenoid to generate seed magnetic field for inertial confinement fusion",2022,"US"
"81",0.00400134209144414,0.00519050480280235,0.00548481346515331,0.00489415660203549,0.334575664262967,0.0018543011915591,0.00501136257377429,0.0121685453939147,0.00252105123356793,0.00582386665589559,0.00304955967510835,0.156027961829059,0.105491260345277,0.0225223863025081,0.0241702984580377,0.00352769282267861,0.0206038959119491,0.265708127535556,0.0138178404267176,0.00355536841999591,"Hollow particle beam emitter",2020,"CA"
"82",0.0267357634117254,0.0466618130266214,0.0134672817117771,0.0877603463576121,0.273956196101019,0.00691609797731287,0.0116305812825833,0.0181135782072832,0.0914107022714799,0.00891463547332692,0.0154238123695975,0.0137239461872917,0.0147172731578975,0.0164556900929768,0.0171192973214454,0.00905616029974687,0.0233979374210428,0.169057505418392,0.12215751110242,0.0133238708084479,"HTS magnet sections",2021,"GB"
"83",0.00948297295925946,0.0052525601797964,0.00623817016916014,0.0393412890976925,0.129154882677533,0.00660627106561763,0.144236949030789,0.0122694318352638,0.0995674749145379,0.00750993205251601,0.00870589129298194,0.0376399255295236,0.00602737504980154,0.0795815880187686,0.0985990032603095,0.00232262098153468,0.0299216620045694,0.167195159327893,0.0151215114162386,0.0952253291362135,"Hybrid indirect-drive/direct-drive target for inertial confinement fusion",2020,"US"
"84",0.00948297295925946,0.0052525601797964,0.00623817016916014,0.0393412890976925,0.129154882677533,0.00660627106561763,0.144236949030789,0.0122694318352638,0.0995674749145379,0.00750993205251601,0.00870589129298194,0.0376399255295236,0.00602737504980154,0.0795815880187686,0.0985990032603095,0.00232262098153468,0.0299216620045694,0.167195159327893,0.0151215114162386,0.0952253291362135,"Hybrid indirect-drive/direct-drive target for inertial confinement fusion",2018,"US"
"85",0.0202564080198463,0.0919112651460381,0.0315837224896437,0.141262869806472,0.380898202507088,0.00286853156489252,0.00471306921400614,0.0534865255255456,0.0120618314094207,0.0064763253406792,0.00983865672917058,0.0156628222766878,0.0172399678863957,0.00871666100350512,0.0139583477405332,0.0464923007965911,0.00832366701343576,0.0655604134856898,0.0606425684665351,0.00804584357782295,"Hybrid magnet for use in fusion reactors",2019,"GB"
"86",0.0105372004513336,0.0172088847707909,0.218831306388718,0.00164272241552815,0.00496022706332784,0.000296922122040803,0.00901153786028674,0.430622418025031,0.139661046361829,0.00340404553952792,0.00176058445949038,0.00808270779414519,0.0618220483278727,0.000817620736792783,0.0145455608814573,0.0409357694407018,0.00471105534373852,0.01445485966709,0.0141108787776433,0.00258260357265385,"Hybrid molten salt reactor with energetic neutron source",2016,"US"
